{
 "cells": [
  {
   "cell_type": "code",
   "execution_count": 1,
   "metadata": {},
   "outputs": [],
   "source": [
    "%reload_ext cypher\n",
    "import matplotlib\n",
    "import pandas as pd\n",
    "import matplotlib.pyplot as plt\n",
    "import datetime\n",
    "%matplotlib inline\n",
    "matplotlib.rcParams['figure.figsize'] = (12.0, 4.0)"
   ]
  },
  {
   "cell_type": "markdown",
   "metadata": {},
   "source": [
    "## Number of Tweets by day"
   ]
  },
  {
   "cell_type": "code",
   "execution_count": 2,
   "metadata": {},
   "outputs": [],
   "source": [
    "tweets = pd.read_csv(\"csvs/tweets.csv\", sep=\"\\t\")\n",
    "times = tweets.created_at.apply(lambda x: datetime.datetime.strptime(x.split(\" \", 1)[1], \"%b %d %H:%M:%S +0000 %Y\") if type(x) == str else None)"
   ]
  },
  {
   "cell_type": "code",
   "execution_count": 3,
   "metadata": {},
   "outputs": [],
   "source": [
    "dt_ndx = pd.DatetimeIndex(times)\n",
    "sr = pd.Series([1] * len(dt_ndx), index=dt_ndx)\n",
    "daily_count = sr.resample('1D').apply('sum')\n",
    "daily_count = daily_count.iloc[-31:]"
   ]
  },
  {
   "cell_type": "code",
   "execution_count": 4,
   "metadata": {},
   "outputs": [
    {
     "data": {
      "text/html": [
       "<div>\n",
       "<style scoped>\n",
       "    .dataframe tbody tr th:only-of-type {\n",
       "        vertical-align: middle;\n",
       "    }\n",
       "\n",
       "    .dataframe tbody tr th {\n",
       "        vertical-align: top;\n",
       "    }\n",
       "\n",
       "    .dataframe thead th {\n",
       "        text-align: right;\n",
       "    }\n",
       "</style>\n",
       "<table border=\"1\" class=\"dataframe\">\n",
       "  <thead>\n",
       "    <tr style=\"text-align: right;\">\n",
       "      <th></th>\n",
       "      <th>Number of tweets</th>\n",
       "    </tr>\n",
       "    <tr>\n",
       "      <th>Date</th>\n",
       "      <th></th>\n",
       "    </tr>\n",
       "  </thead>\n",
       "  <tbody>\n",
       "    <tr>\n",
       "      <th>2018-06-15</th>\n",
       "      <td>843</td>\n",
       "    </tr>\n",
       "    <tr>\n",
       "      <th>2018-06-14</th>\n",
       "      <td>1286</td>\n",
       "    </tr>\n",
       "    <tr>\n",
       "      <th>2018-06-13</th>\n",
       "      <td>29</td>\n",
       "    </tr>\n",
       "    <tr>\n",
       "      <th>2018-06-12</th>\n",
       "      <td>39578</td>\n",
       "    </tr>\n",
       "    <tr>\n",
       "      <th>2018-06-11</th>\n",
       "      <td>40988</td>\n",
       "    </tr>\n",
       "    <tr>\n",
       "      <th>2018-06-10</th>\n",
       "      <td>26269</td>\n",
       "    </tr>\n",
       "    <tr>\n",
       "      <th>2018-06-09</th>\n",
       "      <td>38938</td>\n",
       "    </tr>\n",
       "    <tr>\n",
       "      <th>2018-06-08</th>\n",
       "      <td>27802</td>\n",
       "    </tr>\n",
       "    <tr>\n",
       "      <th>2018-06-07</th>\n",
       "      <td>882</td>\n",
       "    </tr>\n",
       "    <tr>\n",
       "      <th>2018-06-06</th>\n",
       "      <td>466</td>\n",
       "    </tr>\n",
       "    <tr>\n",
       "      <th>2018-06-05</th>\n",
       "      <td>284</td>\n",
       "    </tr>\n",
       "    <tr>\n",
       "      <th>2018-06-04</th>\n",
       "      <td>240</td>\n",
       "    </tr>\n",
       "    <tr>\n",
       "      <th>2018-06-03</th>\n",
       "      <td>124</td>\n",
       "    </tr>\n",
       "    <tr>\n",
       "      <th>2018-06-02</th>\n",
       "      <td>27353</td>\n",
       "    </tr>\n",
       "    <tr>\n",
       "      <th>2018-06-01</th>\n",
       "      <td>39362</td>\n",
       "    </tr>\n",
       "    <tr>\n",
       "      <th>2018-05-31</th>\n",
       "      <td>48190</td>\n",
       "    </tr>\n",
       "    <tr>\n",
       "      <th>2018-05-30</th>\n",
       "      <td>59090</td>\n",
       "    </tr>\n",
       "    <tr>\n",
       "      <th>2018-05-29</th>\n",
       "      <td>35654</td>\n",
       "    </tr>\n",
       "    <tr>\n",
       "      <th>2018-05-28</th>\n",
       "      <td>35453</td>\n",
       "    </tr>\n",
       "    <tr>\n",
       "      <th>2018-05-27</th>\n",
       "      <td>30534</td>\n",
       "    </tr>\n",
       "    <tr>\n",
       "      <th>2018-05-26</th>\n",
       "      <td>35888</td>\n",
       "    </tr>\n",
       "    <tr>\n",
       "      <th>2018-05-25</th>\n",
       "      <td>76063</td>\n",
       "    </tr>\n",
       "    <tr>\n",
       "      <th>2018-05-24</th>\n",
       "      <td>26386</td>\n",
       "    </tr>\n",
       "    <tr>\n",
       "      <th>2018-05-23</th>\n",
       "      <td>7967</td>\n",
       "    </tr>\n",
       "    <tr>\n",
       "      <th>2018-05-22</th>\n",
       "      <td>16804</td>\n",
       "    </tr>\n",
       "    <tr>\n",
       "      <th>2018-05-21</th>\n",
       "      <td>28352</td>\n",
       "    </tr>\n",
       "    <tr>\n",
       "      <th>2018-05-20</th>\n",
       "      <td>43921</td>\n",
       "    </tr>\n",
       "    <tr>\n",
       "      <th>2018-05-19</th>\n",
       "      <td>165565</td>\n",
       "    </tr>\n",
       "    <tr>\n",
       "      <th>2018-05-18</th>\n",
       "      <td>214969</td>\n",
       "    </tr>\n",
       "    <tr>\n",
       "      <th>2018-05-17</th>\n",
       "      <td>11110</td>\n",
       "    </tr>\n",
       "    <tr>\n",
       "      <th>2018-05-16</th>\n",
       "      <td>8076</td>\n",
       "    </tr>\n",
       "  </tbody>\n",
       "</table>\n",
       "</div>"
      ],
      "text/plain": [
       "            Number of tweets\n",
       "Date                        \n",
       "2018-06-15               843\n",
       "2018-06-14              1286\n",
       "2018-06-13                29\n",
       "2018-06-12             39578\n",
       "2018-06-11             40988\n",
       "2018-06-10             26269\n",
       "2018-06-09             38938\n",
       "2018-06-08             27802\n",
       "2018-06-07               882\n",
       "2018-06-06               466\n",
       "2018-06-05               284\n",
       "2018-06-04               240\n",
       "2018-06-03               124\n",
       "2018-06-02             27353\n",
       "2018-06-01             39362\n",
       "2018-05-31             48190\n",
       "2018-05-30             59090\n",
       "2018-05-29             35654\n",
       "2018-05-28             35453\n",
       "2018-05-27             30534\n",
       "2018-05-26             35888\n",
       "2018-05-25             76063\n",
       "2018-05-24             26386\n",
       "2018-05-23              7967\n",
       "2018-05-22             16804\n",
       "2018-05-21             28352\n",
       "2018-05-20             43921\n",
       "2018-05-19            165565\n",
       "2018-05-18            214969\n",
       "2018-05-17             11110\n",
       "2018-05-16              8076"
      ]
     },
     "execution_count": 4,
     "metadata": {},
     "output_type": "execute_result"
    }
   ],
   "source": [
    "daily_count.sort_index(ascending = False, inplace=True)\n",
    "frame = daily_count.to_frame()\n",
    "frame.columns = ['Number of tweets']\n",
    "frame.index.names = ['Date']\n",
    "frame"
   ]
  },
  {
   "cell_type": "markdown",
   "metadata": {},
   "source": [
    "## Number of tweets by days"
   ]
  },
  {
   "cell_type": "code",
   "execution_count": 5,
   "metadata": {
    "scrolled": true
   },
   "outputs": [
    {
     "data": {
      "text/html": [
       "<div>\n",
       "<style scoped>\n",
       "    .dataframe tbody tr th:only-of-type {\n",
       "        vertical-align: middle;\n",
       "    }\n",
       "\n",
       "    .dataframe tbody tr th {\n",
       "        vertical-align: top;\n",
       "    }\n",
       "\n",
       "    .dataframe thead th {\n",
       "        text-align: right;\n",
       "    }\n",
       "</style>\n",
       "<table border=\"1\" class=\"dataframe\">\n",
       "  <thead>\n",
       "    <tr style=\"text-align: right;\">\n",
       "      <th></th>\n",
       "      <th>Number of tweets</th>\n",
       "    </tr>\n",
       "    <tr>\n",
       "      <th>Date</th>\n",
       "      <th></th>\n",
       "    </tr>\n",
       "  </thead>\n",
       "  <tbody>\n",
       "    <tr>\n",
       "      <th>2018-05-18</th>\n",
       "      <td>214969</td>\n",
       "    </tr>\n",
       "    <tr>\n",
       "      <th>2018-05-19</th>\n",
       "      <td>165565</td>\n",
       "    </tr>\n",
       "    <tr>\n",
       "      <th>2018-05-25</th>\n",
       "      <td>76063</td>\n",
       "    </tr>\n",
       "    <tr>\n",
       "      <th>2018-05-30</th>\n",
       "      <td>59090</td>\n",
       "    </tr>\n",
       "    <tr>\n",
       "      <th>2018-05-31</th>\n",
       "      <td>48190</td>\n",
       "    </tr>\n",
       "    <tr>\n",
       "      <th>2018-05-20</th>\n",
       "      <td>43921</td>\n",
       "    </tr>\n",
       "    <tr>\n",
       "      <th>2018-06-11</th>\n",
       "      <td>40988</td>\n",
       "    </tr>\n",
       "    <tr>\n",
       "      <th>2018-06-12</th>\n",
       "      <td>39578</td>\n",
       "    </tr>\n",
       "    <tr>\n",
       "      <th>2018-06-01</th>\n",
       "      <td>39362</td>\n",
       "    </tr>\n",
       "    <tr>\n",
       "      <th>2018-06-09</th>\n",
       "      <td>38938</td>\n",
       "    </tr>\n",
       "    <tr>\n",
       "      <th>2018-05-26</th>\n",
       "      <td>35888</td>\n",
       "    </tr>\n",
       "    <tr>\n",
       "      <th>2018-05-29</th>\n",
       "      <td>35654</td>\n",
       "    </tr>\n",
       "    <tr>\n",
       "      <th>2018-05-28</th>\n",
       "      <td>35453</td>\n",
       "    </tr>\n",
       "    <tr>\n",
       "      <th>2018-05-27</th>\n",
       "      <td>30534</td>\n",
       "    </tr>\n",
       "    <tr>\n",
       "      <th>2018-05-21</th>\n",
       "      <td>28352</td>\n",
       "    </tr>\n",
       "    <tr>\n",
       "      <th>2018-06-08</th>\n",
       "      <td>27802</td>\n",
       "    </tr>\n",
       "    <tr>\n",
       "      <th>2018-06-02</th>\n",
       "      <td>27353</td>\n",
       "    </tr>\n",
       "    <tr>\n",
       "      <th>2018-05-24</th>\n",
       "      <td>26386</td>\n",
       "    </tr>\n",
       "    <tr>\n",
       "      <th>2018-06-10</th>\n",
       "      <td>26269</td>\n",
       "    </tr>\n",
       "    <tr>\n",
       "      <th>2018-05-22</th>\n",
       "      <td>16804</td>\n",
       "    </tr>\n",
       "    <tr>\n",
       "      <th>2018-05-17</th>\n",
       "      <td>11110</td>\n",
       "    </tr>\n",
       "    <tr>\n",
       "      <th>2018-05-16</th>\n",
       "      <td>8076</td>\n",
       "    </tr>\n",
       "    <tr>\n",
       "      <th>2018-05-23</th>\n",
       "      <td>7967</td>\n",
       "    </tr>\n",
       "    <tr>\n",
       "      <th>2018-06-14</th>\n",
       "      <td>1286</td>\n",
       "    </tr>\n",
       "    <tr>\n",
       "      <th>2018-06-07</th>\n",
       "      <td>882</td>\n",
       "    </tr>\n",
       "    <tr>\n",
       "      <th>2018-06-15</th>\n",
       "      <td>843</td>\n",
       "    </tr>\n",
       "    <tr>\n",
       "      <th>2018-06-06</th>\n",
       "      <td>466</td>\n",
       "    </tr>\n",
       "    <tr>\n",
       "      <th>2018-06-05</th>\n",
       "      <td>284</td>\n",
       "    </tr>\n",
       "    <tr>\n",
       "      <th>2018-06-04</th>\n",
       "      <td>240</td>\n",
       "    </tr>\n",
       "    <tr>\n",
       "      <th>2018-06-03</th>\n",
       "      <td>124</td>\n",
       "    </tr>\n",
       "    <tr>\n",
       "      <th>2018-06-13</th>\n",
       "      <td>29</td>\n",
       "    </tr>\n",
       "  </tbody>\n",
       "</table>\n",
       "</div>"
      ],
      "text/plain": [
       "            Number of tweets\n",
       "Date                        \n",
       "2018-05-18            214969\n",
       "2018-05-19            165565\n",
       "2018-05-25             76063\n",
       "2018-05-30             59090\n",
       "2018-05-31             48190\n",
       "2018-05-20             43921\n",
       "2018-06-11             40988\n",
       "2018-06-12             39578\n",
       "2018-06-01             39362\n",
       "2018-06-09             38938\n",
       "2018-05-26             35888\n",
       "2018-05-29             35654\n",
       "2018-05-28             35453\n",
       "2018-05-27             30534\n",
       "2018-05-21             28352\n",
       "2018-06-08             27802\n",
       "2018-06-02             27353\n",
       "2018-05-24             26386\n",
       "2018-06-10             26269\n",
       "2018-05-22             16804\n",
       "2018-05-17             11110\n",
       "2018-05-16              8076\n",
       "2018-05-23              7967\n",
       "2018-06-14              1286\n",
       "2018-06-07               882\n",
       "2018-06-15               843\n",
       "2018-06-06               466\n",
       "2018-06-05               284\n",
       "2018-06-04               240\n",
       "2018-06-03               124\n",
       "2018-06-13                29"
      ]
     },
     "execution_count": 5,
     "metadata": {},
     "output_type": "execute_result"
    }
   ],
   "source": [
    "daily_count.sort_values(ascending = False, inplace=True)\n",
    "frame = daily_count.to_frame()\n",
    "frame.columns = ['Number of tweets']\n",
    "frame.index.names = ['Date']\n",
    "frame"
   ]
  },
  {
   "cell_type": "markdown",
   "metadata": {},
   "source": [
    "## Top 20 hours with more tweets. "
   ]
  },
  {
   "cell_type": "code",
   "execution_count": 6,
   "metadata": {},
   "outputs": [],
   "source": [
    "dt_ndx = pd.DatetimeIndex(times)\n",
    "sr1 = pd.Series([1] * len(dt_ndx), index=dt_ndx)\n",
    "hourly_count = sr1.resample('1H').apply('sum')\n",
    "hourly_count = hourly_count.iloc[-31:]"
   ]
  },
  {
   "cell_type": "code",
   "execution_count": 7,
   "metadata": {
    "scrolled": true
   },
   "outputs": [
    {
     "data": {
      "text/html": [
       "<div>\n",
       "<style scoped>\n",
       "    .dataframe tbody tr th:only-of-type {\n",
       "        vertical-align: middle;\n",
       "    }\n",
       "\n",
       "    .dataframe tbody tr th {\n",
       "        vertical-align: top;\n",
       "    }\n",
       "\n",
       "    .dataframe thead th {\n",
       "        text-align: right;\n",
       "    }\n",
       "</style>\n",
       "<table border=\"1\" class=\"dataframe\">\n",
       "  <thead>\n",
       "    <tr style=\"text-align: right;\">\n",
       "      <th></th>\n",
       "      <th>Number of tweets</th>\n",
       "    </tr>\n",
       "    <tr>\n",
       "      <th>Hours</th>\n",
       "      <th></th>\n",
       "    </tr>\n",
       "  </thead>\n",
       "  <tbody>\n",
       "    <tr>\n",
       "      <th>2018-06-15 00:00:00</th>\n",
       "      <td>250</td>\n",
       "    </tr>\n",
       "    <tr>\n",
       "      <th>2018-06-14 22:00:00</th>\n",
       "      <td>248</td>\n",
       "    </tr>\n",
       "    <tr>\n",
       "      <th>2018-06-14 23:00:00</th>\n",
       "      <td>201</td>\n",
       "    </tr>\n",
       "    <tr>\n",
       "      <th>2018-06-15 02:00:00</th>\n",
       "      <td>192</td>\n",
       "    </tr>\n",
       "    <tr>\n",
       "      <th>2018-06-15 01:00:00</th>\n",
       "      <td>188</td>\n",
       "    </tr>\n",
       "    <tr>\n",
       "      <th>2018-06-15 03:00:00</th>\n",
       "      <td>186</td>\n",
       "    </tr>\n",
       "    <tr>\n",
       "      <th>2018-06-14 21:00:00</th>\n",
       "      <td>185</td>\n",
       "    </tr>\n",
       "    <tr>\n",
       "      <th>2018-06-14 18:00:00</th>\n",
       "      <td>180</td>\n",
       "    </tr>\n",
       "    <tr>\n",
       "      <th>2018-06-14 19:00:00</th>\n",
       "      <td>171</td>\n",
       "    </tr>\n",
       "    <tr>\n",
       "      <th>2018-06-14 20:00:00</th>\n",
       "      <td>138</td>\n",
       "    </tr>\n",
       "    <tr>\n",
       "      <th>2018-06-14 17:00:00</th>\n",
       "      <td>94</td>\n",
       "    </tr>\n",
       "    <tr>\n",
       "      <th>2018-06-15 04:00:00</th>\n",
       "      <td>27</td>\n",
       "    </tr>\n",
       "    <tr>\n",
       "      <th>2018-06-14 15:00:00</th>\n",
       "      <td>13</td>\n",
       "    </tr>\n",
       "    <tr>\n",
       "      <th>2018-06-14 16:00:00</th>\n",
       "      <td>10</td>\n",
       "    </tr>\n",
       "    <tr>\n",
       "      <th>2018-06-14 14:00:00</th>\n",
       "      <td>9</td>\n",
       "    </tr>\n",
       "    <tr>\n",
       "      <th>2018-06-14 13:00:00</th>\n",
       "      <td>5</td>\n",
       "    </tr>\n",
       "    <tr>\n",
       "      <th>2018-06-14 05:00:00</th>\n",
       "      <td>4</td>\n",
       "    </tr>\n",
       "    <tr>\n",
       "      <th>2018-06-14 04:00:00</th>\n",
       "      <td>4</td>\n",
       "    </tr>\n",
       "    <tr>\n",
       "      <th>2018-06-14 03:00:00</th>\n",
       "      <td>4</td>\n",
       "    </tr>\n",
       "    <tr>\n",
       "      <th>2018-06-14 12:00:00</th>\n",
       "      <td>3</td>\n",
       "    </tr>\n",
       "  </tbody>\n",
       "</table>\n",
       "</div>"
      ],
      "text/plain": [
       "                     Number of tweets\n",
       "Hours                                \n",
       "2018-06-15 00:00:00               250\n",
       "2018-06-14 22:00:00               248\n",
       "2018-06-14 23:00:00               201\n",
       "2018-06-15 02:00:00               192\n",
       "2018-06-15 01:00:00               188\n",
       "2018-06-15 03:00:00               186\n",
       "2018-06-14 21:00:00               185\n",
       "2018-06-14 18:00:00               180\n",
       "2018-06-14 19:00:00               171\n",
       "2018-06-14 20:00:00               138\n",
       "2018-06-14 17:00:00                94\n",
       "2018-06-15 04:00:00                27\n",
       "2018-06-14 15:00:00                13\n",
       "2018-06-14 16:00:00                10\n",
       "2018-06-14 14:00:00                 9\n",
       "2018-06-14 13:00:00                 5\n",
       "2018-06-14 05:00:00                 4\n",
       "2018-06-14 04:00:00                 4\n",
       "2018-06-14 03:00:00                 4\n",
       "2018-06-14 12:00:00                 3"
      ]
     },
     "execution_count": 7,
     "metadata": {},
     "output_type": "execute_result"
    }
   ],
   "source": [
    "hourly_count.sort_values(ascending = False, inplace=True)\n",
    "hdf = hourly_count.to_frame()\n",
    "hdf.columns = ['Number of tweets']\n",
    "hdf.index.names = ['Hours']\n",
    "hdf.head(20)"
   ]
  },
  {
   "cell_type": "code",
   "execution_count": null,
   "metadata": {},
   "outputs": [],
   "source": []
  }
 ],
 "metadata": {
  "kernelspec": {
   "display_name": "Python 3",
   "language": "python",
   "name": "python3"
  },
  "language_info": {
   "codemirror_mode": {
    "name": "ipython",
    "version": 3
   },
   "file_extension": ".py",
   "mimetype": "text/x-python",
   "name": "python",
   "nbconvert_exporter": "python",
   "pygments_lexer": "ipython3",
   "version": "3.5.2"
  }
 },
 "nbformat": 4,
 "nbformat_minor": 2
}
